    1.0000         0
    0.9801    0.1987
    0.9211    0.3894
    0.8253    0.5646
    0.6967    0.7174
    0.5403    0.8415
    0.3624    0.9320
    0.1700    0.9854
   -0.0292    0.9996
   -0.2272    0.9738
   -0.4161    0.9093
   -0.5885    0.8085
   -0.7374    0.6755
   -0.8569    0.5155
   -0.9422    0.3350
   -0.9900    0.1411
   -0.9983   -0.0584
   -0.9668   -0.2555
   -0.8968   -0.4425
   -0.7910   -0.6119
   -0.6536   -0.7568
   -0.4903   -0.8716
   -0.3073   -0.9516
   -0.1122   -0.9937
    0.0875   -0.9962
    0.2837   -0.9589
    0.4685   -0.8835
    0.6347   -0.7728
    0.7756   -0.6313
    0.8855   -0.4646
    0.9602   -0.2794
    0.9965   -0.0831
